[gd_scene load_steps=10 format=3]

[ext_resource type="Script" path="res://scripts/world.gd" id="1_world"]
[ext_resource type="PackedScene" path="res://scenes/greybox_building.tscn" id="2_building"]

[sub_resource type="BoxShape3D" id="BoxShape3D_floor"]
size = Vector3(120, 1, 120)

[sub_resource type="BoxMesh" id="BoxMesh_floor"]
size = Vector3(120, 1, 120)

[sub_resource type="StandardMaterial3D" id="Material_plaza"]
albedo_color = Color(0.45, 0.4, 0.33, 1)

[sub_resource type="CylinderMesh" id="CylinderMesh_plaza"]
material = SubResource("Material_plaza")
top_radius = 12.0
bottom_radius = 12.0
height = 0.1

[sub_resource type="StandardMaterial3D" id="Material_bonfire"]
albedo_color = Color(0.85, 0.45, 0.15, 1)

[sub_resource type="CylinderMesh" id="CylinderMesh_bonfire"]
material = SubResource("Material_bonfire")
top_radius = 1.2
bottom_radius = 1.5
height = 0.9

[sub_resource type="CylinderShape3D" id="CylinderShape3D_bonfire"]
height = 0.9
radius = 1.5

[node name="World" type="Node3D"]
script = ExtResource("1_world")

[node name="Floor" type="StaticBody3D" parent="."]

[node name="CollisionShape3D" type="CollisionShape3D" parent="Floor"]
transform = Transform3D(1, 0, 0, 0, 1, 0, 0, 0, 1, 0, -0.5, 0)
shape = SubResource("BoxShape3D_floor")

[node name="MeshInstance3D" type="MeshInstance3D" parent="Floor"]
transform = Transform3D(1, 0, 0, 0, 1, 0, 0, 0, 1, 0, -0.5, 0)
mesh = SubResource("BoxMesh_floor")

[node name="PlazaDisc" type="MeshInstance3D" parent="."]
transform = Transform3D(1, 0, 0, 0, 1, 0, 0, 0, 1, 0, 0.05, 0)
mesh = SubResource("CylinderMesh_plaza")

[node name="Bonfire" type="StaticBody3D" parent="."]

[node name="BonfireMesh" type="MeshInstance3D" parent="Bonfire"]
transform = Transform3D(1, 0, 0, 0, 1, 0, 0, 0, 1, 0, 0.45, 0)
mesh = SubResource("CylinderMesh_bonfire")

[node name="BonfireShape" type="CollisionShape3D" parent="Bonfire"]
transform = Transform3D(1, 0, 0, 0, 1, 0, 0, 0, 1, 0, 0.45, 0)
shape = SubResource("CylinderShape3D_bonfire")

[node name="Sun" type="DirectionalLight3D" parent="."]
shadow_enabled = true

[node name="Buildings" type="Node3D" parent="."]

[node name="Well" parent="Buildings" instance=ExtResource("2_building")]
transform = Transform3D(1, 0, 0, 0, 1, 0, 0, 0, 1, 0, 0, 40)
building_name = "The Well"

[node name="Greenhouse" parent="Buildings" instance=ExtResource("2_building")]
transform = Transform3D(0.309017, 0, 0.951057, 0, 1, 0, -0.951057, 0, 0.309017, 38.0423, 0, 12.3607)
building_name = "Greenhouse"

[node name="BellTower" parent="Buildings" instance=ExtResource("2_building")]
transform = Transform3D(-0.809017, 0, 0.587785, 0, 1, 0, -0.587785, 0, -0.809017, 23.5114, 0, -32.3607)
building_name = "Bell Tower"

[node name="MushroomCellar" parent="Buildings" instance=ExtResource("2_building")]
transform = Transform3D(-0.809017, 0, -0.587785, 0, 1, 0, 0.587785, 0, -0.809017, -23.5114, 0, -32.3607)
building_name = "Mushroom Cellar"

[node name="Windmill" parent="Buildings" instance=ExtResource("2_building")]
transform = Transform3D(0.309017, 0, -0.951057, 0, 1, 0, 0.951057, 0, 0.309017, -38.0423, 0, 12.3607)
building_name = "Windmill"

[node name="Players" type="Node3D" parent="."]

[node name="PlayerSpawner" type="MultiplayerSpawner" parent="."]
_spawnable_scenes = PackedStringArray("res://scenes/player.tscn")
spawn_path = NodePath("../Players")
